Val Accuracy: 100.00%

              precision    recall  f1-score   support

           A       1.00      1.00      1.00        30
           B       1.00      1.00      1.00        30
           C       1.00      1.00      1.00        30
           D       1.00      1.00      1.00        30
      DELETE       1.00      1.00      1.00        30
           E       1.00      1.00      1.00        30
           F       1.00      1.00      1.00        30
           G       1.00      1.00      1.00        30
           H       1.00      1.00      1.00        30
           I       1.00      1.00      1.00        30
           J       1.00      1.00      1.00        30
           K       1.00      1.00      1.00        30
           L       1.00      1.00      1.00        30
           M       1.00      1.00      1.00        30
           N       1.00      1.00      1.00        30
           O       1.00      1.00      1.00        30
           P       1.00      1.00      1.00        30
           Q       1.00      1.00      1.00        30
           R       1.00      1.00      1.00        30
           S       1.00      1.00      1.00        30
       SPACE       1.00      1.00      1.00        30
       SPEAK       1.00      1.00      1.00        30
           T       1.00      1.00      1.00        30
           U       1.00      1.00      1.00        30
           V       1.00      1.00      1.00        30
           W       1.00      1.00      1.00        30
           X       1.00      1.00      1.00        30
           Y       1.00      1.00      1.00        30
           Z       1.00      1.00      1.00        30

    accuracy                           1.00       870
   macro avg       1.00      1.00      1.00       870
weighted avg       1.00      1.00      1.00       870
